0.03200
0.03548
0.03548
0.03548
0.03548
0.03548
0.03547
0.03547
0.03547
0.03547
0.03547
0.03547
0.03547
0.03547
0.03547
0.03547
0.03547
0.03547
0.03547
0.03547
0.03547
0.03546
0.03546
0.03546
0.03546
0.03546
0.03546
0.03546
0.03546
0.03546
0.03546
0.03546
0.03546
0.03546
0.03546
0.03546
0.03546
0.03546
0.03545
0.03545
0.03545
0.03545
0.03545
0.03545
0.03545
0.03545
0.03545
0.03545
0.03545
0.03545
0.03545
0.03545
0.03545
0.03545
0.03545
0.03545
0.03545
0.03545
0.03545
0.03544
0.03544
0.03544
0.03544
0.03544
0.03544
0.03544
0.03544
0.03544
0.03544
0.03544
0.03544
0.03544
0.03544
0.03544
0.03544
0.03544
0.03544
0.03544
0.03544
0.03544
0.03544
0.03544
0.03544
0.03544
0.03544
0.03544
0.03544
0.03544
0.03543
0.03543
0.03543
0.03543
0.03543
0.03543
0.03543
0.03543
0.03543
0.03543
0.03543
0.03543
0.03543
0.03543
0.03543
0.03543
0.03543
0.03543
0.03543
0.03543
0.03543
0.03543
0.03543
0.03543
0.03543
0.03543
0.03543
0.03543
0.03543
0.03543
0.03543
0.03543
0.03543
0.03543
0.03543
0.03543
0.03543
0.03543
0.03543
0.03543
0.03543
0.03543
0.03543
0.03543
0.03543
0.03543
0.03543
0.03543
0.03543
0.03543
0.03543
0.03543
0.03543
0.03543
0.03543
0.03543
0.03543
0.03543
0.03543
0.03543
0.03543
0.03543
0.03543
0.03543
0.03543
0.03543
0.03543
0.03543
0.03543
0.03543
0.03543
0.03543
0.03543
0.03543
0.03543
0.03543
0.03543
0.03543
0.03543
0.03543
0.03543
0.03543
0.03543
0.03543
0.03543
0.03543
0.03543
0.03543
0.03543
0.03543
0.03543
0.03543
0.03543
0.03543
0.03543
0.03543
0.03543
0.03543
0.03543
0.03543
0.03543
0.03543
0.03543
0.03543
0.03543
0.03543
0.03543
0.03543
0.03543
0.03543
0.03544
0.03544
0.03544
0.03544
0.03544
0.03544
0.03544
0.03544
0.03544
0.03544
0.03544
0.03544
0.03544
0.03544
0.03544
0.03544
0.03544
0.03544
0.03544
0.03544
0.03544
0.03544
0.03544
0.03544
0.03544
0.03544
0.03544
0.03544
0.03545
0.03545
0.03545
0.03545
0.03545
0.03545
0.03545
0.03545
0.03545
0.03545
0.03545
0.03545
0.03545
0.03545
0.03545
0.03545
0.03545
0.03545
0.03545
0.03545
0.03546
0.03546
0.03546
0.03546
0.03546
0.03546
0.03546
0.03546
0.03546
0.03546
0.03546
0.03546
0.03546
0.03546
0.03546
0.03546
0.03546
0.03547
0.03547
0.03547
0.03547
0.03547
0.03547
0.03547
0.03547
0.03547
0.03547
0.03547
0.03547
0.03547
0.03547
0.03548
0.03548
0.03548
0.03548
0.03548
0.03548
0.03548
0.03548
0.03548
0.03548
0.03548
0.03548
0.03549
0.03549
0.03549
0.03549
0.03549
0.03549
0.03549
0.03549
0.03549
0.03549
0.03549
0.03549
0.03550
0.03550
0.03550
0.03550
0.03550
0.03550
0.03550
0.03550
0.03550
0.03550
0.03551
0.03551
0.03551
0.03551
0.03551
0.03551
0.03551
0.03551
0.03551
0.03551
0.03552
0.03552
0.03552
0.03552
0.03552
0.03552
0.03552
0.03552
0.03552
0.03553
0.03553
0.03553
0.03553
0.03553
0.03553
0.03553
0.03553
0.03554
0.03554
0.03554
0.03554
0.03554
0.03554
0.03554
0.03554
0.03555
0.03555
0.03555
0.03555
0.03555
0.03555
0.03555
0.03555
0.03556
0.03556
0.03556
0.03556
0.03556
0.03556
0.03556
0.03557
0.03557
0.03557
0.03557
0.03557
0.03557
0.03557
0.03558
0.03558
0.03558
0.03558
0.03558
0.03558
0.03559
0.03559
0.03559
0.03559
0.03559
0.03559
0.03560
0.03560
0.03560
0.03560
0.03560
0.03560
0.03561
0.03561
0.03561
0.03561
0.03561
0.03561
0.03562
0.03562
0.03562
0.03562
0.03562
0.03563
0.03563
0.03563
0.03563
0.03563
0.03563
0.03564
0.03564
0.03564
0.03564
0.03564
0.03565
0.03565
0.03565
0.03565
0.03565
0.03566
0.03566
0.03566
0.03566
0.03566
0.03567
0.03567
0.03567
0.03567
0.03568
0.03568
0.03568
0.03568
0.03568
0.03569
0.03569
0.03569
0.03569
0.03570
0.03570
0.03570
0.03570
0.03571
0.03571
0.03571
0.03571
0.03572
0.03572
0.03572
0.03572
0.03573
0.03573
0.03573
0.03573
0.03574
0.03574
0.03574
0.03574
0.03575
0.03575
0.03575
0.03575
0.03576
0.03576
0.03576
0.03576
0.03577
0.03577
0.03577
0.03578
0.03578
0.03578
0.03578
0.03579
0.03579
0.03579
0.03580
0.03580
0.03580
0.03581
0.03581
0.03581
0.03581
0.03582
0.03582
0.03582
0.03583
0.03583
0.03583
0.03584
0.03584
0.03584
0.03585
0.03585
0.03585
0.03586
0.03586
0.03586
0.03587
0.03587
0.03587
0.03588
0.03588
0.03589
0.03589
0.03589
0.03590
0.03590
0.03590
0.03591
0.03591
0.03591
0.03592
0.03592
0.03593
0.03593
0.03593
0.03594
0.03594
0.03595
0.03595
0.03595
0.03596
0.03596
0.03597
0.03597
0.03597
0.03598
0.03598
0.03599
0.03599
0.03600
0.03600
0.03600
0.03601
0.03601
0.03602
0.03602
0.03603
0.03603
0.03604
0.03604
0.03605
0.03605
0.03605
0.03606
0.03606
0.03607
0.03607
0.03608
0.03608
0.03609
0.03609
0.03610
0.03610
0.03611
0.03611
0.03612
0.03612
0.03613
0.03613
0.03614
0.03615
0.03615
0.03616
0.03616
0.03617
0.03617
0.03618
0.03618
0.03619
0.03620
0.03620
0.03621
0.03621
0.03622
0.03622
0.03623
0.03624
0.03624
0.03625
0.03625
0.03626
0.03627
0.03627
0.03628
0.03629
0.03629
0.03630
0.03631
0.03631
0.03632
0.03632
0.03633
0.03634
0.03634
0.03635
0.03636
0.03637
0.03637
0.03638
0.03639
0.03639
0.03640
0.03641
0.03642
0.03642
0.03643
0.03644
0.03644
0.03645
0.03646
0.03647
0.03648
0.03648
0.03649
0.03650
0.03651
0.03651
0.03652
0.03653
0.03654
0.03655
0.03656
0.03656
0.03657
0.03658
0.03659
0.03660
0.03661
0.03661
0.03662
0.03663
0.03664
0.03665
0.03666
0.03667
0.03668
0.03669
0.03670
0.03671
0.03671
0.03672
0.03673
0.03674
0.03675
0.03676
0.03677
0.03678
0.03679
0.03680
0.03681
0.03682
0.03683
0.03684
0.03685
0.03687
0.03688
0.03689
0.03690
0.03691
0.03692
0.03693
0.03694
0.03695
0.03696
0.03698
0.03699
0.03700
0.03701
0.03702
0.03703
0.03705
0.03706
0.03707
0.03708
0.03709
0.03711
0.03712
0.03713
0.03715
0.03716
0.03717
0.03718
0.03720
0.03721
0.03722
0.03724
0.03725
0.03726
0.03728
0.03729
0.03731
0.03732
0.03733
0.03735
0.03736
0.03738
0.03739
0.03741
0.03742
0.03744
0.03745
0.03747
0.03748
0.03750
0.03751
0.03753
0.03755
0.03756
0.03758
0.03759
0.03761
0.03763
0.03764
0.03766
0.03768
0.03769
0.03771
0.03773
0.03775
0.03776
0.03778
0.03780
0.03782
0.03784
0.03785
0.03787
0.03789
0.03791
0.03793
0.03795
0.03797
0.03799
0.03801
0.03803
0.03805
0.03807
0.03809
0.03811
0.03813
0.03815
0.03817
0.03819
0.03821
0.03823
0.03825
0.03828
0.03830
0.03832
0.03834
0.03837
0.03839
0.03841
0.03843
0.03846
0.03848
0.03850
0.03853
0.03855
0.03858
0.03860
0.03863
0.03865
0.03868
0.03870
0.03873
0.03875
0.03878
0.03881
0.03883
0.03886
0.03889
0.03891
0.03894
0.03897
0.03900
0.03902
0.03905
0.03908
0.03911
0.03914
0.03917
0.03920
0.03923
0.03926
0.03929
0.03932
0.03935
0.03938
0.03941
0.03944
0.03948
0.03951
0.03954
0.03957
0.03961
0.03964
0.03967
0.03971
0.03974
0.03978
0.03981
0.03985
0.03988
0.03992
0.03996
0.03999
0.04003
0.04007
0.04010
0.04014
0.04018
0.04022
0.04026
0.04030
0.04034
0.04038
0.04042
0.04046
0.04050
0.04054
0.04058
0.04062
0.04067
0.04071
0.04075
0.04080
0.04084
0.04089
0.04093
0.04098
0.04102
0.04107
0.04112
0.04116
0.04121
0.04126
0.04131
0.04136
0.04140
0.04145
0.04150
0.04156
0.04161
0.04166
0.04171
0.04176
0.04182
0.04187
0.04192
0.04198
0.04203
0.04209
0.04215
0.04220
0.04226
0.04232
0.04238
0.04244
0.04249
0.04255
0.04262
0.04268
0.04274
0.04280
0.04286
0.04293
0.04299
0.04306
0.04312
0.04319
0.04325
0.04332
0.04339
0.04346
0.04353
0.04360
0.04367
0.04374
0.04381
0.04388
0.04396
0.04403
0.04411
0.04418
0.04426
0.04434
0.04441
0.04449
0.04457
0.04465
0.04473
0.04481
0.04490
0.04498
0.04506
0.04515
0.04524
0.04532
0.04541
0.04550
0.04559
0.04568
0.04577
0.04586
0.04595
0.04605
0.04614
0.04624
0.04634
0.04643
0.04653
0.04663
0.04673
0.04684
0.04694
0.04704
0.04715
0.04725
0.04736
0.04747
0.04758
0.04769
0.04780
0.04791
0.04803
0.04814
0.04826
0.04838
0.04850
0.04862
0.04874
0.04886
0.04899
0.04911
0.04924
0.04936
0.04949
0.04962
0.04976
0.04989
0.05003
0.05016
0.05030
0.05044
0.05058
0.05072
0.05086
0.05101
0.05116
0.05131
0.05146
0.05161
0.05176
0.05191
0.05207
0.05223
0.05239
0.05255
0.05272
0.05288
0.05305
0.05322
0.05339
0.05356
0.05374
0.05391
0.05409
0.05427
0.05445
0.05464
0.05482
0.05501
0.05520
0.05540
0.05559
0.05579
0.05599
0.05619
0.05640
0.05660
0.05681
0.05702
0.05724
0.05745
0.05767
0.05789
0.05812
0.05834
0.05857
0.05880
0.05904
0.05927
0.05951
0.05976
0.06000
0.06025
0.06050
0.06075
0.06101
0.06127
0.03521
-0.05694
-0.13440
-0.06395
0.01858
0.03997
0.04185
0.04182
0.04179
0.04176
0.04173
0.04170
0.04167
0.04164
0.04162
0.04159
0.04156
0.04153
0.04150
0.04147
0.04144
