0.09600
0.09592
0.09591
0.09591
0.09591
0.09590
0.09590
0.09590
0.09590
0.09589
0.09589
0.09589
0.09589
0.09588
0.09588
0.09588
0.09587
0.09587
0.09587
0.09587
0.09586
0.09586
0.09586
0.09586
0.09585
0.09585
0.09585
0.09585
0.09584
0.09584
0.09584
0.09584
0.09583
0.09583
0.09583
0.09583
0.09583
0.09582
0.09582
0.09582
0.09582
0.09581
0.09581
0.09581
0.09581
0.09581
0.09580
0.09580
0.09580
0.09580
0.09580
0.09579
0.09579
0.09579
0.09579
0.09579
0.09579
0.09578
0.09578
0.09578
0.09578
0.09578
0.09578
0.09577
0.09577
0.09577
0.09577
0.09577
0.09577
0.09576
0.09576
0.09576
0.09576
0.09576
0.09576
0.09576
0.09575
0.09575
0.09575
0.09575
0.09575
0.09575
0.09575
0.09574
0.09574
0.09574
0.09574
0.09574
0.09574
0.09574
0.09574
0.09574
0.09573
0.09573
0.09573
0.09573
0.09573
0.09573
0.09573
0.09573
0.09573
0.09573
0.09572
0.09572
0.09572
0.09572
0.09572
0.09572
0.09572
0.09572
0.09572
0.09572
0.09572
0.09572
0.09571
0.09571
0.09571
0.09571
0.09571
0.09571
0.09571
0.09571
0.09571
0.09571
0.09571
0.09571
0.09571
0.09571
0.09571
0.09571
0.09571
0.09571
0.09571
0.09571
0.09571
0.09571
0.09570
0.09570
0.09570
0.09570
0.09570
0.09570
0.09570
0.09570
0.09570
0.09570
0.09570
0.09570
0.09570
0.09570
0.09570
0.09570
0.09570
0.09570
0.09570
0.09570
0.09570
0.09570
0.09570
0.09570
0.09570
0.09570
0.09570
0.09570
0.09571
0.09571
0.09571
0.09571
0.09571
0.09571
0.09571
0.09571
0.09571
0.09571
0.09571
0.09571
0.09571
0.09571
0.09571
0.09571
0.09571
0.09571
0.09571
0.09571
0.09571
0.09571
0.09572
0.09572
0.09572
0.09572
0.09572
0.09572
0.09572
0.09572
0.09572
0.09572
0.09572
0.09572
0.09573
0.09573
0.09573
0.09573
0.09573
0.09573
0.09573
0.09573
0.09573
0.09573
0.09574
0.09574
0.09574
0.09574
0.09574
0.09574
0.09574
0.09574
0.09574
0.09575
0.09575
0.09575
0.09575
0.09575
0.09575
0.09575
0.09576
0.09576
0.09576
0.09576
0.09576
0.09576
0.09576
0.09577
0.09577
0.09577
0.09577
0.09577
0.09577
0.09578
0.09578
0.09578
0.09578
0.09578
0.09578
0.09579
0.09579
0.09579
0.09579
0.09579
0.09580
0.09580
0.09580
0.09580
0.09580
0.09580
0.09581
0.09581
0.09581
0.09581
0.09582
0.09582
0.09582
0.09582
0.09582
0.09583
0.09583
0.09583
0.09583
0.09583
0.09584
0.09584
0.09584
0.09584
0.09585
0.09585
0.09585
0.09585
0.09586
0.09586
0.09586
0.09586
0.09587
0.09587
0.09587
0.09587
0.09588
0.09588
0.09588
0.09589
0.09589
0.09589
0.09589
0.09590
0.09590
0.09590
0.09591
0.09591
0.09591
0.09591
0.09592
0.09592
0.09592
0.09593
0.09593
0.09593
0.09594
0.09594
0.09594
0.09595
0.09595
0.09595
0.09595
0.09596
0.09596
0.09596
0.09597
0.09597
0.09597
0.09598
0.09598
0.09599
0.09599
0.09599
0.09600
0.09600
0.09600
0.09601
0.09601
0.09601
0.09602
0.09602
0.09603
0.09603
0.09603
0.09604
0.09604
0.09604
0.09605
0.09605
0.09606
0.09606
0.09606
0.09607
0.09607
0.09608
0.09608
0.09609
0.09609
0.09609
0.09610
0.09610
0.09611
0.09611
0.09612
0.09612
0.09612
0.09613
0.09613
0.09614
0.09614
0.09615
0.09615
0.09616
0.09616
0.09617
0.09617
0.09617
0.09618
0.09618
0.09619
0.09619
0.09620
0.09620
0.09621
0.09621
0.09622
0.09622
0.09623
0.09623
0.09624
0.09624
0.09625
0.09625
0.09626
0.09627
0.09627
0.09628
0.09628
0.09629
0.09629
0.09630
0.09630
0.09631
0.09631
0.09632
0.09633
0.09633
0.09634
0.09634
0.09635
0.09635
0.09636
0.09637
0.09637
0.09638
0.09638
0.09639
0.09640
0.09640
0.09641
0.09641
0.09642
0.09643
0.09643
0.09644
0.09645
0.09645
0.09646
0.09647
0.09647
0.09648
0.09648
0.09649
0.09650
0.09650
0.09651
0.09652
0.09652
0.09653
0.09654
0.09655
0.09655
0.09656
0.09657
0.09657
0.09658
0.09659
0.09659
0.09660
0.09661
0.09662
0.09662
0.09663
0.09664
0.09665
0.09665
0.09666
0.09667
0.09668
0.09668
0.09669
0.09670
0.09671
0.09671
0.09672
0.09673
0.09674
0.09675
0.09675
0.09676
0.09677
0.09678
0.09679
0.09679
0.09680
0.09681
0.09682
0.09683
0.09684
0.09685
0.09685
0.09686
0.09687
0.09688
0.09689
0.09690
0.09691
0.09691
0.09692
0.09693
0.09694
0.09695
0.09696
0.09697
0.09698
0.09699
0.09700
0.09701
0.09702
0.09702
0.09703
0.09704
0.09705
0.09706
0.09707
0.09708
0.09709
0.09710
0.09711
0.09712
0.09713
0.09714
0.09715
0.09716
0.09717
0.09718
0.09719
0.09720
0.09721
0.09722
0.09723
0.09725
0.09726
0.09727
0.09728
0.09729
0.09730
0.09731
0.09732
0.09733
0.09734
0.09735
0.09737
0.09738
0.09739
0.09740
0.09741
0.09742
0.09743
0.09745
0.09746
0.09747
0.09748
0.09749
0.09750
0.09752
0.09753
0.09754
0.09755
0.09756
0.09758
0.09759
0.09760
0.09761
0.09763
0.09764
0.09765
0.09766
0.09768
0.09769
0.09770
0.09772
0.09773
0.09774
0.09775
0.09777
0.09778
0.09779
0.09781
0.09782
0.09783
0.09785
0.09786
0.09788
0.09789
0.09790
0.09792
0.09793
0.09795
0.09796
0.09797
0.09799
0.09800
0.09802
0.09803
0.09805
0.09806
0.09808
0.09809
0.09811
0.09812
0.09814
0.09815
0.09817
0.09818
0.09820
0.09821
0.09823
0.09824
0.09826
0.09827
0.09829
0.09831
0.09832
0.09834
0.09835
0.09837
0.09839
0.09840
0.09842
0.09844
0.09845
0.09847
0.09849
0.09850
0.09852
0.09854
0.09855
0.09857
0.09859
0.09861
0.09862
0.09864
0.09866
0.09868
0.09869
0.09871
0.09873
0.09875
0.09877
0.09879
0.09880
0.09882
0.09884
0.09886
0.09888
0.09890
0.09892
0.09893
0.09895
0.09897
0.09899
0.09901
0.09903
0.09905
0.09907
0.09909
0.09911
0.09913
0.09915
0.09917
0.09919
0.09921
0.09923
0.09925
0.09927
0.09929
0.09931
0.09934
0.09936
0.09938
0.09940
0.09942
0.09944
0.09946
0.09949
0.09951
0.09953
0.09955
0.09957
0.09960
0.09962
0.09964
0.09966
0.09969
0.09971
0.09973
0.09975
0.09978
0.09980
0.09982
0.09985
0.09987
0.09990
0.09992
0.09994
0.09997
0.09999
0.10002
0.10004
0.10006
0.10009
0.10011
0.10014
0.10016
0.10019
0.10021
0.10024
0.10027
0.10029
0.10032
0.10034
0.10037
0.10040
0.10042
0.10045
0.10048
0.10050
0.10053
0.10056
0.10058
0.10061
0.10064
0.10067
0.10069
0.10072
0.10075
0.10078
0.10080
0.10083
0.10086
0.10089
0.10092
0.10095
0.10098
0.10101
0.10104
0.10107
0.10109
0.10112
0.10115
0.10118
0.10122
0.10125
0.10128
0.10131
0.10134
0.10137
0.10140
0.10143
0.10146
0.10149
0.10153
0.10156
0.10159
0.10162
0.10165
0.10169
0.10172
0.10175
0.10179
0.10182
0.10185
0.10189
0.10192
0.10195
0.10199
0.10202
0.10206
0.10209
0.10213
0.10216
0.10220
0.10223
0.10227
0.10230
0.10234
0.10237
0.10241
0.10245
0.10248
0.10252
0.10256
0.10259
0.10263
0.10267
0.10271
0.10274
0.10278
0.10282
0.10286
0.10290
0.10294
0.10297
0.10301
0.10305
0.10309
0.10313
0.10317
0.10321
0.10325
0.10329
0.10333
0.10338
0.10342
0.10346
0.10350
0.10354
0.10358
0.10363
0.10367
0.10371
0.10375
0.10380
0.10384
0.10388
0.10393
0.10397
0.10401
0.10406
0.10410
0.10415
0.10419
0.10424
0.10428
0.10433
0.10438
0.10442
0.10447
0.10452
0.10456
0.10461
0.10466
0.10470
0.10475
0.10480
0.10485
0.10490
0.10495
0.10500
0.10504
0.10509
0.10514
0.10519
0.10524
0.10529
0.10535
0.10540
0.10545
0.10550
0.10555
0.10560
0.10566
0.10571
0.10576
0.10581
0.10587
0.10592
0.10598
0.10603
0.10608
0.10614
0.10619
0.10625
0.10631
0.10636
0.10642
0.10647
0.10653
0.10659
0.10665
0.10670
0.10676
0.10682
0.10688
0.10694
0.10700
0.10705
0.10711
0.10717
0.10723
0.10730
0.10736
0.10742
0.10748
0.10754
0.10760
0.10767
0.10773
0.10779
0.10786
0.10792
0.10798
0.10805
0.10811
0.10818
0.10824
0.10831
0.10838
0.10844
0.10851
0.10858
0.10864
0.10871
0.10878
0.10885
0.10892
0.10899
0.10906
0.10913
0.10920
0.10927
0.10934
0.10941
0.10948
0.10955
0.10963
0.10970
0.10977
0.10985
0.10992
0.11000
0.11007
0.11015
0.11022
0.11030
0.11037
0.11045
0.11053
0.11061
0.11068
0.11076
0.11084
0.11092
0.11100
0.11108
0.11116
0.11124
0.11132
0.11141
0.11149
0.11157
0.11165
0.11174
0.11182
0.11191
0.11199
0.11208
0.11216
0.11225
0.11233
0.11242
0.11251
0.11260
0.11269
0.11278
0.11286
0.11295
0.11305
0.11314
0.11323
0.11332
0.11341
0.11350
0.11360
0.11369
0.11379
0.11388
0.11398
0.11407
0.11417
0.11427
0.11436
0.11446
0.11456
0.11466
0.11476
0.11486
0.11496
0.11506
0.11516
0.11527
0.11537
0.11547
0.11558
0.11568
0.11578
0.11589
0.11600
0.11610
0.11621
0.11632
0.11643
0.11654
0.11665
0.11676
0.11687
0.11698
0.11709
0.11720
0.11732
0.11743
0.11755
0.11766
0.11778
0.11789
0.11801
0.11813
0.11825
0.11837
0.11849
0.11861
0.11873
0.11885
0.11897
0.11910
0.12009
0.12329
0.12600
0.12425
0.12219
0.12157
0.12141
0.12129
0.12117
0.12105
0.12093
0.12081
0.12070
0.12058
0.12046
0.12035
0.12023
0.12012
0.12000
0.11989
0.11978
