-64.033
-64.032
-64.033
-64.025
-64.031
-64.031
-64.028
-64.02
-64.024
-64.029
-64.052
-64.055
-64.048
-64.056
-64.072
-64.072
-64.079
-64.095
-64.089
-64.09
-64.098
-64.111
-64.112
-64.118
-64.113
-64.106
-64.099
-64.101
-64.094
-64.109
-64.107
-64.092
-64.083
-64.082
-64.071
-64.078
-64.08
-64.065
-64.06
-64.059
-64.053
-64.05
-64.049
-64.032
-64.026
-64.03
-64.043
-64.045
-64.042
-64.02
-64.016
-64.026
-64.051
-64.048
-64.049
-64.046
-64.043
-64.021
-64.027
-64.033
-64.046
-64.037
-64.028
-64.029
-64.032
-64.024
-64.027
-64.02
-64.01
-64.01
-64.005
-64.001
-63.997
-64
-64.007
-64.014
-64.022
-64.036
-64.027
-64.022
-64.007
-64.003
-64.003
-64.012
-63.999
-64.01
-64.012
-64.007
-64.001
-64.014
-64.019
-64.027
-64.029
-64.032
-64.052
-64.066
-64.068
-64.061
-64.074
-64.07
-64.074
-64.083
-64.103
-64.106
-64.113
-64.101
-64.097
-64.088
-64.091
-64.09
-64.091
-64.085
-64.089
-64.082
-64.087
-64.089
-64.089
-64.08
-64.083
-64.08
-64.076
-64.081
-64.067
-64.058
-64.055
-64.053
-64.036
-64.034
-64.019
-64.013
-64.003
-63.998
-63.978
-63.978
-63.976
-63.972
-63.956
-63.947
-63.938
-63.936
-63.932
-63.917
-63.897
-63.88
-63.865
-63.857
-63.859
-63.844
-63.83
-63.822
-63.821
-63.81
-63.809
-63.797
-63.79
-63.774
-63.777
-63.769
-63.771
-63.762
-63.755
-63.747
-63.748
-63.75
-63.764
-63.75
-63.731
-63.711
-63.703
-63.716
-63.723
-63.726
-63.716
-63.702
-63.684
-63.692
-63.7
-63.707
-63.683
-63.662
-63.652
-63.665
-63.664
-63.676
-63.685
-63.675
-63.662
-63.678
-63.688
-63.686
-63.684
-63.678
-63.675
-63.674
-63.685
-63.689
-63.694
-63.682
-63.678
-63.682
-63.694
-63.683
-63.696
-63.701
-63.712
-63.706
-63.719
-63.721
-63.728
-63.734
-63.744
-63.747
-63.753
-63.743
-63.745
-63.764
-63.771
-63.78
-63.788
-63.79
-63.795
-63.811
-63.814
-63.834
-63.835
-63.839
-63.827
-63.843
-63.846
-63.854
-63.855
-63.86
-63.841
-63.844
-63.843
-63.847
-63.844
-63.844
-63.833
-63.826
-63.821
-63.817
-63.806
-63.807
-63.814
-63.808
-63.789
-63.768
-63.767
-63.766
-63.768
-63.75
-63.75
-63.745
-63.741
-63.72
-63.725
-63.721
-63.717
-63.709
-63.704
-63.691
-63.701
-63.7
-63.695
-63.691
-63.687
-63.677
-63.676
-63.689
-63.678
-63.67
-63.662
-63.666
-63.661
-63.682
-63.679
-63.678
-63.673
-63.674
-63.661
-63.67
-63.665
-63.667
-63.652
-63.656
-63.663
-63.674
-63.663
-63.652
-63.653
-63.663
-63.662
-63.662
-63.673
-63.673
-63.671
-63.67
-63.666
-63.656
-63.665
-63.666
-63.671
-63.668
-63.667
-63.658
-63.665
-63.661
-63.653
-63.643
-63.655
-63.662
-63.67
-63.664
-63.654
-63.656
-63.664
-63.657
-63.651
-63.665
-63.659
-63.656
-63.661
-63.669
-63.667
-63.679
-63.668
-63.665
-63.67
-63.674
-63.662
-63.677
-63.686
-63.685
-63.679
-63.686
-63.696
-63.707
-63.699
-63.69
-63.7
-63.711
-63.718
-63.722
-63.723
-63.72
-63.734
-63.743
-63.75
-63.748
-63.758
-63.75
-63.753
-63.747
-63.764
-63.76
-63.763
-63.759
-63.765
-63.773
-63.795
-63.796
-63.798
-63.788
-63.782
-63.788
-63.791
-63.776
-63.768
-63.775
-63.778
-63.782
-63.781
-63.783
-63.77
-63.766
-63.762
-63.759
-63.746
-63.76
-63.77
-63.781
-63.774
-63.781
-63.771
-63.776
-63.777
-63.783
-63.776
-63.779
-63.779
-63.784
-63.785
-63.777
-63.778
-63.776
-63.774
-63.775
-63.789
-63.785
-63.785
-63.78
-63.783
-63.78
-63.795
-63.798
-63.811
-63.811
-63.819
-63.815
-63.829
-63.836
-63.837
-63.843
-63.849
-63.842
-63.852
-63.861
-63.856
-63.856
-63.866
-63.867
-63.862
-63.866
-63.857
-63.851
-63.847
-63.849
-63.839
-63.848
-63.839
-63.841
-63.85
-63.858
-63.848
-63.856
-63.857
-63.853
-63.846
-63.859
-63.864
-63.865
-63.869
-63.86
-63.857
-63.868
-63.872
-63.87
-63.879
-63.862
-63.848
-63.835
-63.836
-63.823
-63.832
-63.818
-63.815
-63.818
-63.832
-63.82
-63.82
-63.807
-63.795
-63.77
-63.761
-63.769
-63.779
-63.774
-63.758
-63.747
-63.757
-63.768
-63.767
-63.77
-63.76
-63.755
-63.758
-63.769
-63.764
-63.763
-63.758
-63.756
-63.748
-63.757
-63.753
-63.759
-63.749
-63.744
-63.736
-63.745
-63.749
-63.751
-63.74
-63.721
-63.715
-63.722
-63.724
-63.718
-63.73
-63.719
-63.723
-63.73
-63.738
-63.73
-63.74
-63.723
-63.711
-63.701
-63.715
-63.719
-63.729
-63.724
-63.723
-63.724
-63.737
-63.73
-63.722
-63.722
-63.716
-63.717
-63.722
-63.747
-63.752
-63.765
-63.762
-63.762
-63.769
-63.786
-63.781
-63.789
-63.792
-63.796
-63.795
-63.811
-63.82
-63.82
-63.813
-63.816
-63.816
-63.818
-63.823
-63.828
-63.829
-63.827
-63.826
-63.832
-63.847
-63.847
-63.849
-63.84
-63.842
-63.837
-63.84
-63.833
-63.85
-63.855
-63.855
-63.832
-63.843
-63.85
-63.856
-63.847
-63.851
-63.861
-63.868
-63.874
-63.876
-63.875
-63.869
-63.875
-63.884
-63.895
-63.888
-63.893
-63.892
-63.887
-63.873
-63.883
-63.88
-63.882
-63.884
-63.888
-63.88
-63.885
-63.879
-63.874
-63.867
-63.875
-63.873
-63.866
-63.854
-63.837
-63.827
-63.826
-63.834
-63.825
-63.833
-63.83
-63.828
-63.818
-63.825
-63.822
-63.848
-63.849
-63.833
-63.818
-63.828
-63.834
-63.859
-63.874
-63.877
-63.866
-63.875
-63.89
-63.903
-63.903
-63.89
-63.904
-63.928
-63.941
-63.938
-63.941
-63.928
-63.927
-63.924
-63.92
-63.911
-63.914
-63.896
-63.883
-63.87
-63.887
-63.884
-63.892
-63.887
-63.889
-63.871
-63.874
-63.863
-63.851
-63.836
-63.831
-63.832
-63.846
-63.854
-63.848
-63.85
-63.853
-63.85
-63.842
-63.853
-63.85
-63.843
-63.83
-63.826
-63.812
-63.807
-63.804
-63.816
-63.805
-63.79
-63.775
-63.78
-63.777
-63.776
-63.776
-63.767
-63.77
-63.776
-63.792
-63.798
-63.796
-63.784
-63.789
-63.793
-63.82
-63.816
-63.822
-63.83
-63.832
-63.829
-63.843
-63.843
-63.85
-63.856
-63.863
-63.872
-63.887
-63.893
-63.894
-63.89
-63.891
-63.899
-63.908
-63.907
-63.903
-63.905
-63.904
-63.909
-63.918
-63.938
-63.941
-63.95
-63.951
-63.949
-63.928
-63.936
-63.935
-63.939
-63.934
-63.938
-63.936
-63.943
-63.955
-63.962
-63.953
-63.956
-63.969
-63.977
-63.978
-63.972
-63.982
-63.991
-63.985
-63.973
-63.991
-63.99
-63.993
-63.993
-64.001
-63.992
-64.002
-64.001
-63.997
-63.987
-63.996
-63.994
-63.993
-63.981
-63.973
-63.96
-63.956
-63.957
-63.961
-63.966
-63.96
-63.95
-63.941
-63.936
-63.924
-63.919
-63.911
-63.915
-63.91
-63.91
-63.901
-63.922
-63.923
-63.92
-63.922
-63.938
-63.941
-63.956
-63.968
-63.972
-63.972
-63.984
-63.988
-63.991
-64
-63.997
-64
-64.008
-64.013
-64.01
-64.032
-64.029
-64.021
-64.011
-64.01
-63.998
-63.999
-63.985
-63.97
-63.958
-63.963
-63.956
-63.948
-63.934
-63.912
-63.901
-63.914
-63.934
-63.936
-63.93
-63.923
-63.916
-63.915
-63.92
-63.915
-63.927
-63.921
-63.914
-63.911
-63.926
-63.917
-63.93
-63.928
-63.937
-63.932
-63.933
-63.921
-63.934
-63.941
-63.934
-63.925
-63.935
-63.939
-63.936
-63.932
-63.925
-63.927
-63.931
-63.941
-63.933
-63.928
-63.913
-63.919
-63.917
-63.923
-63.915
-63.923
-63.921
-63.923
-63.908
-63.909
-63.903
-63.903
-63.906
-63.91
-63.898
-63.89
-63.894
-63.893
-63.894
-63.893
-63.895
-63.898
-63.911
-63.905
-63.911
-63.909
-63.924
-63.931
-63.951
-63.944
-63.942
-63.941
-63.95
-63.956
-63.97
-63.982
-63.99
-63.994
-63.99
-63.991
-64.004
-64.016
-64.006
-64.007
-64.009
-64.004
-63.996
-64.002
-63.994
-63.997
-63.998
-63.998
-63.994
-64.009
-64.001
-63.986
-63.973
-63.976
-63.97
-63.973
-63.955
-63.943
-63.942
-63.951
-63.949
-63.947
-63.944
-63.936
-63.927
-63.911
-63.898
-63.894
-63.892
-63.869
-63.857
-63.851
-63.849
-63.828
-63.827
-63.811
-63.804
-63.799
-63.8
-63.778
-63.773
-63.755
-63.74
-63.736
-63.745
-63.744
-63.737
-63.725
-63.701
-63.674
-63.658
-63.647
-63.633
-63.626
-63.611
-63.595
-63.564
-63.556
-63.532
-63.522
-63.503
-63.49
-63.471
-63.477
-63.457
-63.443
-63.41
-63.394
-63.377
-63.374
-63.348
-63.337
-63.329
-63.305
-63.279
-63.262
-63.237
-63.216
-63.201
-63.157
-63.116
-63.077
-63.054
-63.017
-62.996
-62.96
-62.937
-62.9
-62.863
-62.813
-62.789
-62.758
-62.73
-62.69
-62.662
-62.603
-62.554
-62.515
-62.481
-62.452
-62.428
-62.393
-62.348
-62.302
-62.252
-62.206
-62.163
-62.121
-62.057
-62.004
-61.943
-61.89
-61.826
-61.781
-61.721
-61.668
-61.593
-61.529
-61.457
-61.409
-61.331
-61.264
-61.177
-61.106
-61.022
-60.955
-60.874
-60.797
-60.708
-60.621
-60.544
-60.46
-60.375
-60.274
-60.177
-60.063
-59.981
-59.88
-59.79
-59.663
-59.561
-59.438
-59.346
-59.205
-59.093
-58.944
-58.824
-58.664
-58.531
-58.373
-58.237
-58.05
-57.862
-57.662
-57.47
-57.256
-57.028
-56.793
-56.538
-56.272
-55.97
-55.71
-55.409
-55.146
-54.803
-54.484
-54.04
-53.427
-51.688
-48.813
-42.565
-35.526
